303433319662637
227305485663483
309412600925650
333967241939945
248213611936948
112078199053019
194737029881352
74545169110029
318062448005031
157177802539195
61494628727427
216331143744478
435906819916817
35616269872146
214722423653251
486789411004656
422202157382090
282520143118778
502653315035932
412885899274704
174886061308127
26660639314859
91633936690644
550864650133887
507344701366478
384667544120196
93327829485928
408515239171018
24967717310730
515490760793431
157533790741027
12449924478251
106102716481453
215657052625699
544296753353429
313568503862713
107859959649191
425235868532958
512512287039090
413582464087496
228162345335908
17153173413626
119209190820309
137089950974847
334340667965964
186309008158923
8474688747325
269693907542825
407457027797981
21841859230062
312542632972920
48566787940487
340860347876380
397352785273859
109400559953607
313390717491419
107382110849648
406727750781315
526650069343249
174949237558639
5650880289885
468875035103237
207748475818617
197322068770058
169065738611465
489607554280994
196693507922365
524827120959623
218791974104007
114819110627332
224840213112090
149100149394063
191281630173451
462263934397310
350066946792332
467640749533046
338118284392386
530055177872599
24713333272055
149953908119161
170302067669989
475658729895144
116056992418734
477006155718113
515912099615782
545241242797353
492049137968381
560648911351563
54889119920525
486359309897938
271662461583424
96381101223359
68801939933118
137900086691901
457947341093038
285003633730124
511210130875373
189683907156305
379316087182320
533622412725905
441069647988723
183318488947343
294231139854313
451134149636331
7847209258839
59297712053367
185997964278457
427140612528348
87450625287514
198609186456579
274320638127642
151328118267755
294168315985051
458153322077279
122185587900192
191647498550714
227084934352228
196730712930620
92645510577133
495458685354053
45127408266526
347972987706731
879312001404
204173507352850
407088841088674
305769781729763
274669574346273
9568302138534
243600259902115
308119501780030
202599580596470
156611317549655
406482475307039
87370712790370
56221345377087
285163969569136
162985207902566
533499942496877
128715078430498
233325749281315
477192633654806
57860284968039
271997922585966
428592858071500
125666895302591
415875334187780
147240651879287
27343504281398
317636045726788
300886604472143
505190384182050
293088895587275
542454779693246
390273008106506
326311595974633
545354958041494
386792928846333
559090041776929
561552214917342
56417735826765
137977614752829
439710395204789
176965937389942
267596810646282
193580855263087
33042250813568
527793903395318
47683209527798
87969513994138
558537695999244
131907237773240
205737896382581
215039846215793
470447373877390
521492944159288
127007595205111
61785437644031
54633946714210
391143297857722
1662031659056
503793366831968
376792725063286
287711349973632
42347019656039
344929289106282
407257306470911
303408421767491
193936216231583
379908232171723
345587930584033
503795939411809
379458337360003
274590557742782
31081981189091
186312003203358
556759666692993
396724003864360
413966392659241
283382718784953
76976355712080
24186041708734
17742884756803
9675290150686
165693549994358
430439230303666
6873611715712
454412564244381
503895716657410
197319028863477
143432106123802
496146991796464
551499735394020
175376933925568
280096260071579
48747731108470
524948649345174
543894673229228
470348471872956
148489091048268
302176422349275
444763016656194
310184554380124
69555141957645
142960160915207
220422476836770
85725591450520
93945312564766
23628450429705
287699799381418
219820082916729
76960748570773
403648571335374
220042976387258
165759812350201
145833803491722
289507744834659
191377592240415
123857067054352
100557114271475
313475486896293
114014337649240
349078224264899
129458710329414
31851502566907
217539840014982
287867350079711
440840697635602
367991578171337
365998639002269
256498623370440
355999539270969
91450211663897
463515254280349
555823574021369
272920726028747
410228436076920
187861746840864
377584056613079
561887292222192
65676149633338
236378842520974
294781769548939
194736005938481
6277396959525
363901398875542
368055786364755
123136382931216
412396136223670
343735233111076
475365920020294
260454993504655
190927459546288
524666618159657
65043759554113
80812075570125
73510213776165
133299345217268
260218894935011
355246417883578
285910914054421
185397930791785
12208368703978
554050385547370
51992092686463
164802239964873
318354446083236
453579446295808
216428289246283
251359436404141
177907427820646
130446614260114
207771078609006
105307988997369
537426783645230
8877931822409
545775921717303
13507613167154
348328682566613
68147561889674
306576866388852
552925000908247
323056612096719
333432601621278
337079357205869
360189819792273
106403641103628
519932994112928
477014791527848
319796035624878
210452861827270
542625909664418
154289012940707
427078780796443
194840564665005
486983298355085
147853762230603
329489516846948
157130144806729
296484830773608
449388366312827
81439720085345
438077602370096
148227564805252
389006953471860
478774385858852
260400555180607
34722782297240
73912118261563
499254687510543
186907713002228
386589537320208
500878771053538
289431649001201
23354616879012
36322017933600
488653268022796
295199143231242
365685440783623
377939722907371
76450537371755
76411671350495
447454261105700
209255905413564
356447349529526
419074231850991
170997789298671
139601383739103
220212880536655
64168045020775
520892534632987
461975725268017
344482349732306
528764232236448
38390507975536
126111492203037
549187302839011
248189555052691
448713356798714
461576335537180
267085621219504
234079613026602
562608625073939
102565957429526
379227379595396
394370659403473
255974655838313
231104602904196
282768562234450
129916735193092
383535715669603
444829089424612
189645757509460
297938281198430
369276507363925
550078276972336
242349558785249
488809770059508
408393564397122
497289659080414
333302267239485
131037722123646
241260754128421
474061359682009
246880367069820
8621886186950
264301439720954
499945159168596
357743878386664
173875236440030
35528952299863
219268061522163
468328756120180
99720377037173
468975959918766
2168098590162
4758368323478
17994430999672
195160184006503
365318599841516
253306947262267
100030181777998
386616973975723
305115404272837
312184290201147
513198936200748
455972398087388
280682198524327
169360723305185
437480843688225
519462042864457
29379648278008
10037013618170
255478670860321
21982936640307
85276554261051
84005710667261
282149163785514
206620303815417
397954191882967
428933569942052
479137878926619
23340748797578
173164218638480
462966165609734
434315216958800
395864996260908
202447634480941
212005171329830
215415047588736
389675895435340
73990826560090
346810554347720
279149219162889
395479107806561
246027733517060
332249811625094
296607633950570
5566540169366
48381851379547
287208540815853
487436285099399
136433033877025
539130614698170
96750482800513
554050128618024
451036412724652
15250009877690
478265715817239
304575526487396
328092612761775
339335061839271
364377825283915
146884842080165
318808744495037
531837514411089
209077996245932
476256854224026
325653358997780
352419969253817
443746769875962
424185436356241
106457649206733
559292583776149
257246371922485
356981019204361
276739780443988
356578213058295
316085413038135
455439987325179
56100228122279
98881402788265
23240586064615
434371731258204
341785253030784
350530391435313
336544206636935
376653003893164
272403374780897
288753544673794
33497051781464
262873198958286
539291044388625
488762272766910
172107924608222
102763758648445
215449145418721
215126278312522
416029534671132
283440911073215
104131354172542
43559546838132
507704260750714
345467906891118
100746906050690
393307507130743
303047703291249
344184798639510
240361351408982
98951149630126
414614725639409
350115493283658
418116856749499
235262369913447
459287296874476
298138781608438
440993029743080
11885126367366
89280656134255
463465190415581
195227633736227
368990525783144
138652368062838
319083698526947
78155028257731
305871852357109
546984066903299
138185929416781
260512058986502
115377835731017
41565525266253
246065041107221
262377849357493
117457211021632
63731840520517
68789349231170
186925075660487
101813590959735
32281100492276
289528379951230
500448336038246
8581298912855
554386335199532
88635685984189
537202843778650
344474653013234
295950628471308
27694609473280
183373793195259
95656630503014
146250272826554
243854418862116
172930910818119
166471494167405
545394908694838
502876537625962
27743535642664
60072681808113
391326162758462
243770927616612
172891985976225
123661015600471
204753397487503
39129062990179
426616275609413
211622661863829
305141658684298
28844660768328
431671443570659
65529894725245
27153925427938
515929021079149
398542342359457
85369122831494
237751457040441
477701214760635
378240790681088
397932373838975
225517902616419
93268701908824
89197099716587
473077363884962
288957510394155
304325253718659
321622147107411
123112078284998
60476105526228
467048245942666
137304071253334
471401140490258
551324931239445
480252401655966
88034859389553
144393125515670
138707633388659
34593992641103
558725297309151
286082160888603
128631152850707
188350256014867
210321126150918
14171700417256
43678704375479
228086996223164
304761173543636
100800563636
460600732250743
162918913054748
395143824230505
173445560447304
273022685185828
531504496755220
549362320361110
173055745215771
32909115932608
477173428981438
414727568162180
244540197426180
233477739971137
295050794669297
142324599781477
167945715512740
54880708497001
467733868694763
549327168649425
327680970281446
552397420863540
533191983314655
9416897431543
390967113453082
197152283949258
180509875230925
205781474483334
542607856875312
139627992713152
299868013846793
232062733604366
534440117232130
299707401943282
399173909626499
465700716428204
97994467097557
78858836924026
126813886746530
443951142663497
462677979674106
122133103397244
246865568000707
478382086379993
204732974435594
180707863906546
265279142906040
475120116575894
270134157572285
178735400350060
188077224412922
402461057039062
255008510198494
430939904213270
212365631593365
109090297120296
67646066496664
435270995285696
175867044866734
104245732629549
103072751101135
363893714994887
175707859653816
87876670962769
510484076833781
208882152568413
268010764806651
247537838312138
65762470718700
117611964481258
507262853123593
34725808941874
333684702161607
314439924118388
253317576617774
99568871124556
165806119838343
265267674496251
383956552963833
235248747321375
442223600344330
447345746501050
257835306507211
101103596241580
25108735758193
98988506991227
290762453324532
34223105597852
35663042223789
315566041074133
53521275056420
77825552444756
446368690270739
314857799065283
229112539598216
34634193176331
515231179624079
282686842317896
367699084119386
105356331346955
155579321022939
287820313625181
102236219226525
346326982081054
112511362914504
136233809381646
21691132480616
214309002199156
220646671856201
125094951183118
457104766738231
246223346110727
374587195214006
153740946592957
467945552335288
162221205299318
194218680391464
246579519597490
489195387493750
415617008420290
539405057735131
435579175170391
556775741670842
254717622065818
324753143195640
86203367043940
442365554306366
111025086981381
195727781490582
92874437535610
211042191128499
182259570928558
535999922730972
224429359671872
319158848212781
33021979940222
397277056364235
307429524678076
104288750806285
249847719803840
276144491060997
21011049101380
196944848855712
195869635995180
34572949911990
167334097155497
8019490192399
83657624402887
478824443756496
553203142008492
260549748749301
230242186862756
4133605458561
190024602716356
368487160463395
126311242227028
369019081768055
121868053394335
39196954962604
109357253354810
398832760238466
316589868272633
484257084825711
312280811256391
314282940427213
392209697107
536370265957053
365933719505486
316360582100002
198588723661129
21248517043987
159842931931254
490244829527802
40665967969910
479811111243589
153590255568440
348501982588432
57343296174921
478908952859815
58830988809994
145844736781364
163183071087892
457132400356003
456581785749617
291631256719940
246455326343899
276552356392348
215769746705861
349312928665472
269509379820071
392593283164965
434854448078308
312161940328846
22053875116769
499285293014427
445438514720416
285687896017092
405895141662107
434461784513914
492438027910828
193350686110387
527704704214581
56536838282261
201403305376862
248464677147678
480872167261613
232053776748103
551727219732168
147885481504609
208907062868305
183415789706536
388840911594744
486226071665720
210902414126702
385671268982839
177141917366986
497054380537710
558239058171692
22662641005551
248707002458300
536989965507400
500411706523277
560824112366282
316304322969511
379044470851019
247904720889448
507033479883781
395351190756261
558712823584253
150317925608811
389821917378966
149470783464748
224077053235184
392271537977728
166664013527534
464464694895786
558708217852248
457048156832478
228694099651323
536696735807487
478052769276650
305332477480529
221918132274018
353572948822885
22684371235393
470195242403668
440490924384698
152907182349765
375656805185779
480387100289685
475649018232655
430412083963067
401032408591969
233228577235547
449655830464902
436706039348534
489023455087246
426161526512387
376474477513207
21783349333290
502415950116514
309398682377877
103062002793943
284712796130754
519538533454800
63234482231820
415587773913698
75400944869945
526318642851773
239454952799165
235790010555784
361261215458547
430309050317205
461805041353204
510721736868207
198389481708039
287959387703588
202472943099094
552140490030664
550229579729257
417885583568612
450614359230030
290718290712194
139896424350460
187051313171927
8813361375825
376798208037329
47166109270358
235671783093250
393360530827019
175314800342198
237768264373246
145201431859962
311167771762248
558919169485775
327107380637585
125120253071486
98911080864070
552836355008595
354229226247691
478593494202833
155220476542387
469166322254286
189776157071362
225574612736825
499860111343490
418224526719614
447858340183424
210177196770478
194353209365995
379595936844260
377608067043827
180680169781046
163922338686546
488954194309128
133519496989877
259121897483292
482616799523987
421076535587806
541228367798208
69904820931532
518199367676730
225112351420667
484212782019581
327218123709896
33987794579897
175678050623774
557549527840328
67101156803072
316270143929438
356375756252493
363907832699214
159101494671976
152272045466912
316574843565657
77128562573362
176594760946210
294037832965776
547205776372030
97979930291055
299654035214470
40572657205855
95423635901824
300506684002619
62349517302344
144788434178925
363276770017519
404243555348240
374858797956360
353016613361827
38869802975570
413654549350872
436090257696094
59759362084264
128850291006416
2284630716433
436994440800115
303980918994853
438222360198912
458952812741067
236700311373271
176172531662128
495522407580152
286400540609613
508112777912108
357613667733409
511756902728768
490325001075469
49508718886325
534805463653682
317322054397410
444778864156357
9370719788197
27119274492825
349403261921492
367389257169291
38937439845898
494926437702831
151521066483850
223284222771494
443913069425052
137528977177925
405153217841888
443891034052311
531817792456741
33300508153680
33765611138776
392863330519887
331857295187830
345391739342536
67204872142707
79106289130271
390121517657299
332444458920183
314290105031749
429974035826110
176213954340863
93146925742019
147376656289070
329539229683000
333214265063543
427079878018592
34608024346823
34914764294355
548322666132814
416109620840247